Μ

1100111030, Ηο100, 0110111101 01100 100 8111-
1010, 252, 254, 256.

11111110, 1100011 00, 325.

Ima, 10100 01, 257.

10011001 (1101100010), 1110110100 00, 289.

Iaeyburn¹ 11030100, 252, 256, 289, 294,
298, 335.

101103ωο, 10110110, 48, 99.

10013000, see 10013010.

1101111010 and 00100110, 110301, 0111100 01
mmm

1100ῆο11, 01011000, 46.

11030, Τ11000010, 01011000οο0 01 (0103010
QO

11010300, 010000 01, 191, 224.

·-, diocese 01 (lemovicensis), 172, 8141
city 01 180, 184.

*mmmm

-,1100000101, 180, 185,

1100010, Hugh 0101001000ογ 1110 lm,
110.

1103011101000300), 1.

11010, 45.

111110010010110001, 135.

1101101100 10 3011101111, 011000 01 North
111100, 3, 5, 7, 38.

—- 1100111110, 011000 01 110100, 64, 123,
Qmmmmmmffl,
mmmmwfflwwr
328, 329, 312. 351.

- 0011010000, 123,

100000, 0111100001, 250, 291305.

-,000001101, 01000001030 «01101100 at
110100, 191.

--, 110010001οο0 01, 275, 277.

-, John 00, 208.

-,10000100, 271.

-,11101010, 0111100 01, 60.

—-, 1111101 00, 200.

1110301000 (1100300000), 1111111ιο, 120.

mmmm.

Iouis lx. 0111111100, 21, 22, 25, 36, 53, 00,
ommmeQmQ
QQQQQQQQ
225, 234, 235, 238, 249, 251, 257, 258,
mmmmmmmwwfflr

1011111 (1111),110110001, 308.

mmlx.

101011, John, rheriff 01 Cambridge 000
1100003000, 200, 207, 322.

-- (10101), Philip, 1101101οτ 0111031100.
54, 100.

--, 11100010, 355,

-,1100011, 200.

--, 110301, 0100101111 1110 00011011101110.
&mmm

&mmm

111000, 1001010011 01, 308.

Lucre, Robert‚ 98.

1003000011, 60.

10013000 (10113000), (1001100 00, 76, 240,
241.

- Guy 00, 69, 85.

10100, william 00, 209.

10101000, 150.

10100000, 11010100, 290.

Lynrir¹ 1111110100, 306.

110000, 3010 0010100 la 11000.

Lynn (Len). 111111οι0 00, 330.

110001, Philip, 0100011100 01001 01, 59.

1111000, 1100011011001.)

-, 000 01110000, 286.

110311000, see Sabina.

11113001, king 01 Nori-ay. 330.

11011000, 1111001000, 381.

1101001000. G. 00. 172.

Malieon (11110 Leone, 1111111100), 163.

-‚ Savary 00, 21.

--, town 01, 70.

11001100 01010110, 105, 201.

11110001, John, 1100001οτ 01 1011. proveri
owwffimmmmm
155,15“1”, 175, 200, 219, 239, 335, 389,
390, 391, 332,

Marso (1111000, 1100), 0110101, 71, 78, 160,
212, 391.

-, Thomas 110, 323.

11010000 00 11101010, 65.

1111130101, queen 01 Franco, 140, 168, 170,
111, 173, 235, 239, 242, iel.

Margaret 0111131100, queen 0100011100, 99.

11111100, william 00, 15.

 

