113111 01 11ch1 22222226 409

Numberic ‚ , ‘1Numberin5
the humber 111 the Printed > the 1222222226 the Printed

catalogue. Sem· (catalogue, ι Series.

-- ——- ·.—-—.—- --—-——..

313 2222222. 222 ccxv.
319 22662222. 222 66262.
226 62222. 222 22222.
262 622222. . 222 6666222222.
222 ccccxxx. 222 6666222.
-262 6662222. 262 6622222.
262 666622222. 913 cxxxv.
262 2262222. 226 6222222.
266 226622. 2 222 6622222.
262 226222. i 948 222222.
262 ccxxx. 2 226 226222.
226 2262. 2 226 222222.
222 2262222. ÷ 933 26222222.
374 222622. ἰ 222 22222.
Ι222 22622. ‚5 266 62. ’
226 vn. ,1 903 662222.
222 222222. 262 662222.
222 6666222. ¹ 933 J ccccx111.

1

222 66222222. 11 266 ccccxc.
390 6622222. ’2 262 l ccccxxx1x.
891 1 626222. 2 262 1 ccc1v.

392 1 666622. ξ 262 1 6622226
222 ¹ ccccxx1x. ! 226 ᾖ 22622222,
226 2 222. ’ 222 · 222.

226 ‚ccccxxxx 226 2222.
222 2 6666222. 222 cen.

903 662222. 2 222 666662222.
266 6622262. 2 222 ccccxxv.
903 6662222. . 222 662222.
222 66222. 931 222222. ,
222 ccclx. 937 ccxxl.
914 cccvn. 222 622222.
913 cccx11. 999 2222.

222 Ο6222222222. Ι, 2662 6666622.
222 cc.. 1001 22222222.
222 cclx. - 1 1003 22222.

226 222222. Ἰ 2662 22622.

 

