mmax.

110000, 1100011001 01, 060.

110001, 100 uiden.

Ruincio (111001), william de, 103.

Rupes S. christofori, 041.

111101, 11030, master 01 100 hospital 01 St.
John 01 Jerusalem, 317.

S.

Sabina (0111311100), G, biahop 01, 070.

8111, 010010 0010, 00.

8111001010 (00100070111111110, dean
01, 71.

81, Β1101110, l, 35, 70.

81 Columba, 1100110101 01, 10.

81. 110011, 140, 150, 100.

8180100000, Hugh 01, 00.

0110101(11110011),00,00. ·

81. (11101 (10 1008101017), 30.

81 110101111101 (81. 1110111001), 10110 01,
71.

St John, 11100110 00, 000.

81. 011101, 155.

St. Ρο1110011, l'agan de, 11.

8111010100, 0111100100, 5⁴, 306.

81. 801010, town 01, 71.

81. 8010110, (11111110 011000110010 01,
71.

-, Roget, 00011101, 140.

8111001010τὶ1, Ρο101, 101.

“ 81110001, plot 01, against 100 English
30101001001, 110. ’

8111000111, Peter, 10, 13.

81101, Ρο101 01, 30, 60, 00, 107, 130, 100,
110, 004.

-,0000101, 0001 111100 prisoner, 115.

-, 7110101101, sometime count 01 Flan-
den, 11110.

81131111 (8031110 7), 1110011 00, 303.

smmis, John 00, 000.

80110010030 (80110010 Burgum, 801100·
0013), 00, 00.

8001110, William 00, 137.

80011100, 100011 relations 01, 10 0031100,
37.

8001101, 01100 01 8011111, 17, 10, 110.

803010 (80310, 803110), 110010, 00.

-,11’1111101, 71.

421

8010111 (S. 11010), 81010000, 000, 301.
8001030101, 8101110 00, 150.

8011, 11ἰο0111 00, 150,

8011100, 8. 00, 13.

80011111,10101010 10010111 01, 01 1110 011001,

100 ; mode 01 00001101, 100.
8οο100101, 16.
8010110011, 10101010001 1001111130 01,

310.
Sicily, 01010 01, 113, 115, 100, 117,100.
810001, 100100101101, 115.
Solemus, cardinal, 100.
801011 (8010110, 80110, 8010110), 1101110
00, 1000100111 01 (11110001, 33, 17.
-, 01111111 00, 1100111, 101, 111,

’ 301110.

--, Ρο10100, 301.

8001011, 110301 00, 050.

80011111, 1711111 00, 31.

801110 (80010, 8010),11111110110, 11100001
01, 74, 390.

80010101100, 16.

81111111, 1001001011, 110.

stamford, 100 Jews 01, 03, 01.

810110, Roget 00, 000.

-, 800110 00, 001.

810101111, 1100011 00, 000.

810110, william 00, 000.

801110, Walter de, 1001111 01 (1100001101,
21⁸.

8001010010 (8010010010, 8110010010),Ι.10
10000, 103, 117.

8013000, Τ11011111100, 001.

80101010, 0011 1111100110ίο, 001.

8110000110, william 00, 340.

Τ.

’101110οο013 00.

111001, (1110011, 031, 037.

Τ11111, 1110000101, 50, 300, 300.

Temple, 0100101, 31, 00, 00. 31010101.
Το01011001, J, 01101011, 100.

Τ110101, 11030100, 03.

Το111110101, 110301 00, 301.

’100011 (Τ111111),1111 0111101110, 00.
7001, 110301, 030.

 

