TABLE 011* ROYAL LIII'I'ERS.

Numberin} . , ⁸ 1144878887 in} , ,
the humber 111 the Pr1nted 1 100 1 Number 1n the Prmted
catalogue. -SssrIffl- 1088818378. 1 Sffiffi

819 77877777.
888 87777.
858 877777. .
859 8888777.
887 88877777.
882 88887777.
887 7787777.
888 778777.
887 778777.
887 7787777. 950 777777.
878 7787. 958 87777.
878 887777. 1 958 1181xvn1.
874 777777. 1 959 77777.
Ι878 77877. 1 888 77. ’
878 vn. 983 887777.

922 CCXIV.

923 DLVI.

932 CCCCXXXVII.
941 CCCCXLI.

942 CCXXXVI.

943 CXXXV.

946 CXXVIII.

947 CCXXIII.

948 DXXIX.

Γῆ..- ...-
818 77777777. 921 ccxv. ’

1

1

878 777777. 1 887 887777.

878 Ι 8888777. 5 888Ι 88887777.
888 ! 88777777. 1 988 I 888877.

890 1 8877777. 3 887 1 888877777.
891 1 878777. ; 908 888777.

892 1 888877. 989 1 8877777.

888 1 88887777. · 878 1 88777777,
895 1 mv. ι 878 1 DI.

898 1888877777. 878 1 7777.

887 8888777. 877 8877.

995 887777. 878 8888777777.
908 87777788. 878 88887777.
908 8887777. 888 887777.

877 88777. 888 777777. ,
878 88877. 887 88777.

911 888777. 1 887 8777777.
915 888777. 1 999 7777.

877 8877777777. i 1001 88887777.
878 88.. 11001 77777777.
87818877. - 11 1005 nmv.

878 777777. e. 1001 77877.

 

