416

(10010360, (1061160611, 93. .1

(100000, 000116 01, 313.

(may, 55, 01, 03, 100, ιιι, 100.

--, 3116000060 011116 0011100 10, 34, 35,
17, 74·, 3116000060 011110 10000, 58, 70-
73, 84 ;611110011160 0130161001601 10, 41,
51,52,55-57, 63, 63, 63, 16, 81-32, 111.

(10160660, John 01, 15.

(1666060011 01, (1100061101 011116 Univer-
sity 01 Cambridge, 165. ,

(16060110 (1160610 1), (16011160 66, 135.

(16110001, Stephon, 187.

(100601011611600166, 252, 256, 261, 269. Ι

(1601103100, 40. ¹

(1110060((10100610, (1110066),1110016 66,
137.

-,1010001,77.

cison, J. 66, 100.

(11606, Walter 66, 290.

(1100660101, 01636 01, 288.

(1100660161 and 116101016, (1111611, 6011 01,
262, 263, 238, 342.

-,111611016, 6011 01, 69, 114,120,138,
ΜΜΜΜ

(10011, (1060300, 353.

(1006000161, Ρο161, 137.

(1000611, 11. 66, 325.

(10160010, Pontius 66, 224 n.. 241.

floron, 01060 ap (q. v.)

--, 00 1116600161, 286.

-, 00 1160110, 351.

(100, Thomas, 297. 1

(1103, william 66, 120.

(1163101100οο de, 353. ·

(11630011, 12, 13. 1

(1163, John de, 1000610101 01160161, 45, 65,
220, 236, 237, 252.

--, 1110111116 66, 154.

Griffin, 00001 1116000060, 38, 286, 328,
352.

-, 000 01110606, 286.

(11111111, 00 (1010060, 353.

-ap (11036060, 353.

(10611006, (161016 66, 58.

(10111016 (1101661011), 1600110 01 1116 001006
01, 66·, 100001, 248.

(1011100164.

Gwen, 066 0060.

Η

Ηο100011 (11600οο10), 110130161, 00001600
0106611006610.

1101610161, Walter, 280.

Hmfflmmm

1101661111111010, 10.

11010, 110161166, 106.

1101161016, John 01, 49.

110061103, 1101011 66, 36.

—fflmwwn

-,.10110 66, 291.

116011031016, John 01, 104, 132, 209.

Η601001111010106 (000 01 11161016, king
01 the Romans), 252, 254, 251, 233, 263,
264, 2611268.

116010 (1.1) 0111031006, 30.

1160101111016060 10 30 10 1161006110,
1110 0000001 01 1116 00000130 01 Το1116·
110013, 25 ; 01066 01 01006103 101 1110
1000611016 61060060, 54, 016610 1600110
01 1101161016 001006, 66, 000101000 8. 66
11οο11011 10 give 000000101 10 goven-

01601 01 (1000000, 81; 1110 vor 10 1016
1116 61000101, 16160006 11010 hi· obli·

3011000 10 the 101000101160006, 208,
208.

116161016, 1100101160 66 1101100, 6011 ο(
mmmmmmmm
mmm

—, Peter, 11101100 01 200.

116111016, 11101016, 6011 01, 006 (1100060161.

116301116, Sir Philip 66, 290.

Η1311001 Ferrum (11601010), 14.

111060163, John 01, 49.

110160001111, william de, 297.

Holy Laud, 010006610, 305, 308.
Hospita! 01 St. John 011610001011, 50.
1100611, 000 01 Blethyin, 286.

-, 000 01110600, 286.

-, 000 0111006601, 286.
-ψωωω
11001103600, 40.

-, honour 01, 120.

 

